curl -i 'http://192.168.12.51/messages' -H 'X-Requested-With: curl'

電源切
7371,3834,904,904,904,2813,904,904,904,2813,904,904,904,2813,904,904,904,2813,904,904,904,2813,904,904,904,2813,904,2813,904,904,904,2813,904,904,904,2813,904,2813,904,2813,904,2813,904,904,904,2813,904,904,904,2813,904,904,904,2813,904,904,904,904,904,2813,904,904,904,904,904,904,904,904,904,2813,904,904,904,904,904,904,904,904,904,904,904,904,904,904,904,904,904,2813,904,904,904,904,904,904,904,904,904,904,904,904,904,904,904,2813,904,904,904,2813,904,904,904,904,904,904,904

暖房切替
7371,3834,935,935,935,2813,935,935,935,2813,935,935,935,2813,935,935,935,2813,935,935,935,2813,935,935,935,2813,935,2813,935,935,935,2813,935,935,935,2813,935,2813,935,2813,935,2813,935,935,935,2813,935,935,935,2813,935,935,935,2813,935,935,935,935,935,2813,935,935,935,935,935,935,935,935,935,2813,935,2813,935,935,935,935,935,935,935,935,935,935,935,935,935,935,935,2813,935,935,935,935,935,935,935,935,935,935,935,935,935,935,935,935,935,935,935,2813,935,935,935,935,935,935,935

首振
7371,3834,904,904,904,2813,904,904,904,2813,904,904,904,2813,904,904,904,2813,904,904,904,2813,904,904,904,2813,904,2813,904,904,904,2813,904,904,904,2813,904,2813,904,2813,904,2813,904,904,904,2813,904,904,904,2813,904,904,904,2813,904,904,904,904,904,2813,904,904,904,904,904,904,904,2813,904,904,904,904,904,2813,904,904,904,904,904,904,904,904,904,904,904,904,904,2813,904,904,904,904,904,904,904,904,904,904,904,904,904,904,904,2813,904,2813,904,2813,904,904,904,904,904,904,904

ECO運転
7629,3834,935,935,935,2813,935,935,935,2813,935,935,935,2813,935,935,935,2813,935,935,935,2813,935,935,935,2813,935,2813,935,935,935,2813,935,935,935,2813,935,2813,935,2813,935,2813,935,935,935,2813,935,935,935,2813,935,935,935,2813,935,935,935,935,935,2813,935,935,935,935,935,935,935,935,935,2813,935,935,935,2813,935,935,935,935,935,935,935,935,935,935,935,935,935,2813,935,935,935,935,935,935,935,935,935,935,935,935,935,2813,935,935,935,2813,935,2813,935,935,935,935,935,935,935
