curl -i 'http://192.168.12.51/messages' -H 'X-Requested-With: curl'

入力切替
17421,8755,1150,1037,1150,1037,1150,1037,1150,1037,1150,1037,1150,1037,1150,3228,1150,1037,1150,3228,1150,3228,1150,3228,1150,3228,1150,3228,1150,3228,1150,1037,1150,3228,1150,3228,1150,3228,1150,3228,1150,3228,1150,1037,1150,1037,1150,1037,1150,1037,1150,1037,1150,1037,1150,1037,1150,1037,1150,3228,1150,3228,1150,3228,1150,3228,1150

地デジ
17421,8755,1150,1150,1150,1150,1150,1150,1150,1150,1150,1150,1150,1150,1150,3228,1150,1150,1150,3228,1150,3228,1150,3228,1150,3228,1150,3228,1150,3228,1150,1150,1150,3228,1150,1150,1150,3228,1150,1150,1150,3228,1150,3228,1150,3228,1150,3228,1150,1150,1150,3228,1150,1150,1150,3228,1150,1150,1150,1150,1150,1150,1150,1150,1150,3228,1150,65535,0,13693,17421,4400,1150

BS
17421,8755,1190,1037,1190,1037,1190,1037,1190,1037,1190,1037,1190,1037,1190,3228,1190,1037,1190,3228,1190,3228,1190,3228,1190,3228,1190,3228,1190,3228,1190,1037,1190,3228,1190,1037,1190,1037,1190,3228,1190,3228,1190,3228,1190,3228,1190,3228,1190,1037,1190,3228,1190,3228,1190,1037,1190,1037,1190,1037,1190,1037,1190,1037,1190,3228,1190,65535,0,13693,17421,4400,1190

CS
17421,8755,1190,1037,1190,1037,1190,1037,1190,1037,1190,1037,1190,1037,1190,3228,1190,1037,1190,3228,1190,3228,1190,3228,1190,3228,1190,3228,1190,3228,1190,1037,1190,3228,1190,3228,1190,1037,1190,3228,1190,3228,1190,3228,1190,3228,1190,3228,1190,1037,1190,1037,1190,3228,1190,1037,1190,1037,1190,1037,1190,1037,1190,1037,1190,3228,1190

1
17421,8755,1150,1150,1150,1150,1150,1037,1150,1150,1150,1037,1150,1037,1150,3228,1190,1037,1150,3228,1150,3228,1150,3228,1150,3228,1150,3228,1150,3228,1150,1150,1150,3228,1150,3228,1150,1037,1150,1037,1150,1037,1150,1037,1150,1037,1150,1037,1150,1037,1150,1037,1150,3228,1150,3228,1150,3228,1150,3228,1150,3228,1150,3228,1150,3228,1150,65535,0,13693,17421,4400,1150

2
17421,8755,1150,1150,1150,1037,1150,1037,1150,1150,1150,1150,1150,1150,1150,3228,1150,1150,1150,3228,1150,3228,1150,3228,1150,3228,1150,3228,1150,3228,1150,1037,1150,3228,1150,1150,1150,3228,1150,1150,1150,1150,1150,1037,1150,1037,1150,1037,1150,1037,1150,3228,1150,1150,1150,3228,1150,3228,1150,3228,1150,3228,1150,3228,1150,3228,1150,65535,0,13693,17421,4400,1150,65535,0,65535,0,60108,17421,4400,1150

3
17421,8755,1190,1037,1190,1037,1190,1037,1190,1037,1190,1037,1190,1037,1190,3228,1190,1037,1190,3228,1190,3228,1190,3228,1190,3228,1190,3228,1190,3228,1190,1037,1190,3228,1190,3228,1190,3228,1190,1037,1190,1037,1190,1037,1190,1037,1190,1037,1190,1037,1190,1037,1190,1037,1190,3228,1190,3228,1190,3228,1190,3228,1190,3228,1190,3228,1190,65535,0,13693,17421,4400,1190,65535,0,52381

4
17421,8755,1150,1150,1150,1150,1150,1150,1150,1150,1150,1150,1150,1150,1150,3228,1150,1150,1150,3228,1150,3228,1150,3228,1150,3228,1150,3228,1150,3228,1150,1150,1150,3228,1150,1150,1150,1150,1150,3228,1150,1150,1150,1150,1150,1150,1150,1150,1150,1150,1150,3228,1150,3228,1150,1150,1150,3228,1150,3228,1150,3228,1150,3228,1150,3228,1150,65535,0,13693,17421,4400,1150

5
17421,8755,1150,1150,1150,1150,1150,1150,1150,1150,1150,1150,1150,1150,1150,3228,1150,1150,1150,3228,1150,3228,1150,3228,1150,3228,1150,3228,1150,3228,1150,1150,1150,3228,1150,3228,1150,1150,1150,3228,1150,1150,1150,1150,1150,1150,1150,1150,1150,1150,1150,1150,1150,3228,1150,1150,1150,3228,1150,3228,1150,3228,1150,3228,1150,3228,1150,65535,0,13693,17421,4400,1150

6
17421,8755,1190,1037,1190,1037,1190,1037,1190,1037,1190,1037,1190,1037,1190,3228,1190,1037,1190,3228,1190,3228,1190,3228,1190,3228,1190,3228,1190,3228,1190,1037,1190,3228,1190,1037,1190,3228,1190,3228,1190,1037,1190,1037,1190,1037,1190,1037,1190,1037,1190,3228,1190,1037,1190,1037,1190,3228,1190,3228,1190,3228,1190,3228,1190,3228,1190

7
17421,8755,1150,1037,1150,1037,1150,1150,1150,1037,1150,1037,1150,1037,1150,3228,1150,1037,1150,3228,1150,3228,1150,3228,1150,3228,1150,3228,1150,3228,1150,1037,1150,3228,1150,3228,1150,3228,1150,3228,1150,1037,1150,1037,1150,1037,1150,1037,1150,1037,1150,1037,1150,1037,1150,1037,1150,3228,1150,3228,1150,3228,1150,3228,1150,3228,1150,65535,0,13693,17421,4400,1150

8
17421,8755,1190,1037,1190,1037,1190,1037,1190,1037,1190,1037,1190,1037,1190,3228,1190,1037,1190,3228,1190,3228,1190,3228,1190,3228,1190,3228,1190,3228,1190,1037,1190,3228,1190,1037,1190,1037,1190,1037,1190,3228,1190,1037,1190,1037,1190,1037,1190,1037,1190,3228,1190,3228,1190,3228,1190,1037,1190,3228,1190,3228,1190,3228,1190,3228,1190,65535,0,13693,17421,4400,1190

9
17421,8755,1190,1037,1190,1037,1190,1037,1190,1037,1190,1037,1190,1037,1190,3228,1190,1037,1190,3228,1190,3228,1190,3228,1190,3228,1190,3228,1190,3228,1190,1037,1190,3228,1190,3228,1190,1037,1190,1037,1190,3228,1190,1037,1190,1037,1190,1037,1190,1037,1190,1037,1190,3228,1190,3228,1190,1037,1190,3228,1190,3228,1190,3228,1190,3228,1190

10
17421,8755,1150,1037,1150,1037,1150,1037,1150,1037,1150,1037,1150,1037,1150,3228,1150,1037,1150,3228,1190,3228,1190,3228,1190,3228,1190,3228,1190,3228,1190,1037,1190,3228,1150,1037,1190,3228,1150,1037,1190,3228,1150,1037,1150,1037,1150,1037,1150,1037,1150,3228,1150,1037,1150,3228,1150,1037,1150,3228,1150,3228,1150,3228,1150,3228,1150,65535,0,13693,17421,4400,1150

11
17421,8755,1190,1037,1190,1037,1190,1037,1190,1037,1190,1037,1190,1037,1190,3228,1190,1037,1190,3228,1190,3228,1190,3228,1190,3228,1190,3228,1190,3228,1190,1037,1190,3228,1190,3228,1190,3228,1190,1037,1190,3228,1190,1037,1190,1037,1190,1037,1190,1037,1190,1037,1190,1037,1190,3228,1190,1037,1190,3228,1190,3228,1190,3228,1190,3228,1190,65535,0,13693,17421,4400,1190

12
17421,8755,1190,1037,1190,1037,1190,1037,1190,1037,1190,1037,1190,1037,1190,3228,1190,1037,1190,3228,1190,3228,1190,3228,1190,3228,1190,3228,1190,3228,1190,1037,1190,3228,1190,1037,1190,1037,1190,3228,1190,3228,1190,1037,1190,1037,1190,1037,1190,1037,1190,3228,1190,3228,1190,1037,1190,1037,1190,3228,1190,3228,1190,3228,1190,3228,1190,65535,0,13693,17421,4400,1190

消音
17421,8755,1150,1037,1150,1037,1150,1037,1150,1037,1150,1037,1150,1037,1150,3228,1150,1037,1150,3228,1150,3228,1150,3228,1150,3228,1150,3228,1150,3228,1150,1037,1150,3228,1150,1037,1150,1037,1150,1037,1150,1037,1150,3228,1150,1037,1150,1037,1150,1037,1150,3228,1150,3228,1150,3228,1150,3228,1150,1037,1150,3228,1150,3228,1150,3228,1150,65535,0,13693,17421,4400,1150

ボリューム+
17421,8755,1190,1037,1190,1037,1190,1037,1190,1037,1190,1037,1190,1037,1190,3228,1190,1037,1190,3228,1190,3228,1190,3228,1190,3228,1190,3228,1190,3228,1190,1037,1190,3228,1190,1037,1190,3228,1190,1037,1190,3228,1190,3228,1190,1037,1190,1037,1190,1037,1190,3228,1190,1037,1190,3228,1190,1037,1190,1037,1190,3228,1190,3228,1190,3228,1190

ボリューム-
17421,8755,1190,1037,1190,1037,1190,1037,1190,1037,1190,1037,1190,1037,1190,3228,1190,1037,1190,3228,1190,3228,1190,3228,1190,3228,1190,3228,1190,3228,1190,1037,1190,3228,1190,1037,1190,3228,1190,3228,1190,3228,1190,3228,1190,1037,1190,1037,1190,1037,1190,3228,1190,1037,1190,1037,1190,1037,1190,1037,1190,3228,1190,3228,1190,3228,1190
