curl -i 'http://192.168.12.51/messages' -H 'X-Requested-With: curl'

start/stop
17421,8755,1190,3228,1190,3228,1190,1037,1190,3228,1190,1037,1190,1037,1190,3228,1190,1037,1190,3228,1190,1037,1190,1037,1190,1037,1190,1037,1190,1037,1190,3228,1190,3228,1190,1037,1190,1037,1190,1037,1190,1037,1190,3228,1190,1037,1190,1037,1190,1037,1190,3228,1190,3228,1190,3228,1190,3228,1190,1037,1190,3228,1190,3228,1190,3228,1190

自動モード
17421,8755,1190,3228,1190,3228,1190,1037,1190,3228,1190,1037,1190,1037,1190,3228,1190,1037,1190,3228,1190,1037,1190,1037,1190,1037,1190,1037,1190,1037,1190,3228,1190,3228,1190,3228,1190,1037,1190,1037,1190,1037,1190,3228,1190,1037,1190,1037,1190,1037,1190,1037,1190,3228,1190,3228,1190,3228,1190,1037,1190,3228,1190,3228,1190,3228,1190,65535,0,15181,17421,8755,1190,3228,1190,3228,1190,1037,1190,3228,1190,1037,1190,1037,1190,3228,1190,1037,1190,3228,1190,1037,1190,1037,1190,1037,1190,1037,1190,1037,1190,3228,1190,3228,1190,1037,1190,3228,1190,3228,1190,1037,1190,1037,1190,3228,1190,1037,1190,1037,1190,3228,1190,1037,1190,1037,1190,3228,1190,3228,1190,1037,1190,3228,1190,3228,1190

充電
17421,8755,1190,3228,1190,3228,1190,1037,1190,3228,1190,1037,1190,1037,1190,3228,1190,1037,1190,3228,1190,1037,1190,1037,1190,1037,1190,1037,1190,1037,1190,3228,1190,3228,1190,3228,1190,1037,1190,1037,1190,3228,1190,3228,1190,1037,1190,1037,1190,1037,1190,1037,1190,3228,1190,3228,1190,1037,1190,1037,1190,3228,1190,3228,1190,3228,1190

マナー
17421,8755,1190,3228,1190,3228,1190,1037,1190,3228,1190,1037,1190,1037,1190,3228,1190,1037,1190,3228,1190,1037,1190,1037,1190,1037,1190,1037,1190,1037,1190,3228,1190,3228,1190,1037,1190,1037,1190,1037,1190,3228,1190,3228,1190,1037,1190,1037,1190,1037,1190,3228,1190,3228,1190,3228,1190,1037,1190,1037,1190,3228,1190,3228,1190,3228,1190
